3,11,12,14,41,43
8,33,36,37,39,41
1,6,23,24,27,39
3,9,10,13,20,43
5,14,21,31,34,47
8,20,21,25,31,41
18,25,28,33,36,42
7,16,17,31,40,48
5,10,23,27,37,38
4,15,30,37,46,48
7,9,21,33,38,42
11,17,19,20,36,43
7,14,17,20,37,47
25,28,29,30,35,44
8,18,36,39,41,47
9,12,13,14,44,48
4,14,18,40,43,44
13,16,18,34,35,36
11,23,25,28,29,36
7,18,23,25,37,45
11,18,19,31,37,45
8,14,16,18,31,48
4,11,23,24,25,45
3,4,19,33,34,48
5,17,21,28,30,43
6,17,24,36,38,46
4,9,10,11,43,46
7,13,23,32,33,45
11,18,22,28,35,37
25,26,31,35,45,48
11,19,25,31,32,36
8,34,37,39,41,47
5,10,30,35,36,45
8,22,26,27,34,42
3,5,6,33,38,39
10,14,25,31,44,47
11,13,15,16,24,31
11,12,19,25,29,44
2,7,21,22,30,33
11,15,25,38,41,43
2,10,11,31,43,49
21,24,25,32,39,49
4,10,23,38,41,46
20,24,28,35,42,46
1,3,19,31,32,47
3,17,20,30,35,48
18,26,29,35,36,49
2,13,41,42,44,47
7,10,11,16,28,40
6,7,10,32,36,38
2,29,31,40,45,48
4,14,24,31,33,35
7,19,26,28,45,49
9,19,28,36,45,46
4,11,14,20,26,30
5,9,27,39,40,43
16,19,22,29,44,48
11,14,18,31,35,49
22,23,25,26,35,41
3,6,7,33,34,36
9,11,27,28,37,46
1,2,8,23,46,48
9,12,20,21,37,43
9,16,18,20,26,43
1,6,13,15,22,27
23,30,32,33,35,44
9,21,22,29,48,49
1,6,15,34,42,44
1,15,20,22,24,49
13,23,37,43,48,49
2,3,23,26,27,40
8,14,25,32,34,35
1,5,7,8,11,13
18,20,23,26,33,49
1,2,7,13,22,31
4,14,16,30,33,38
3,12,16,21,33,49
3,5,19,26,32,43
1,14,22,25,40,42
7,9,20,28,35,41
1,2,13,21,42,48
7,22,25,27,30,35
1,7,14,31,41,43
2,12,29,31,44,46
1,5,14,24,25,38
15,24,27,32,34,49
20,26,28,30,45,48
22,29,36,44,46,47
4,12,16,31,44,48
23,27,40,43,44,47
13,26,27,38,46,47
2,17,41,42,44,47
6,26,28,36,37,48
8,27,28,29,43,44
12,19,22,23,29,36
13,27,35,38,44,47
3,12,31,33,45,49
8,13,16,18,19,49
16,24,25,28,32,44
1,5,6,18,31,35
6,16,19,20,25,43
1,4,14,17,21,26
1,3,40,43,45,46
9,16,31,38,43,45
6,17,29,32,39,40
26,27,37,41,43,45
7,16,28,34,45,47
13,15,27,28,40,48
6,11,20,23,25,35
6,16,26,28,41,49
2,7,34,36,37,40
2,5,29,35,37,38
1,10,18,27,35,38
5,6,10,20,40,43
12,13,15,35,38,39
5,11,12,16,24,28
3,24,27,33,41,44
23,25,29,38,39,43
7,8,10,15,31,37
4,11,12,16,36,43
21,22,29,36,38,41
5,10,26,31,37,44
3,14,24,31,35,46
5,10,11,28,41,44
1,16,25,36,39,42
6,7,17,21,43,49
20,22,27,34,44,48
8,35,44,46,48,49
5,30,34,36,43,49
3,14,18,25,36,45
7,13,24,31,39,40
9,12,16,20,36,39
6,18,21,31,35,48
16,19,27,30,44,45
7,17,18,24,29,48
9,34,38,39,43,44
7,24,35,37,45,47
6,30,33,39,41,49
5,18,22,23,25,26
2,5,21,24,29,46
3,7,15,24,38,41
1,2,7,9,20,43
17,19,27,30,36,43
6,7,8,35,36,43
3,6,18,21,33,34
14,23,31,33,35,47
8,16,20,30,31,48
8,21,27,34,41,46
7,20,24,46,48,49
4,8,14,21,30,49
4,14,27,37,40,44
1,2,5,7,40,44
6,15,20,22,26,46
19,21,32,39,43,45
9,12,24,30,31,47
13,16,19,24,33,48
9,11,19,27,30,46
4,21,23,27,45,47
1,7,15,20,31,45
2,10,39,46,47,48
5,24,26,36,41,45
4,5,10,22,30,35
7,9,11,16,43,46
3,8,21,24,30,42
2,8,9,18,31,42
7,11,14,18,34,45
4,21,32,38,43,45
6,19,22,27,36,40
3,9,13,15,27,30
30,32,35,40,43,44
4,9,14,15,44,45
11,23,43,46,47,49
8,12,19,33,41,45
3,11,16,20,21,24
5,9,12,33,45,47
7,9,21,28,29,35
1,26,33,34,38,46
4,6,22,27,31,33
7,8,11,19,25,39
3,6,13,18,31,40
1,3,8,18,35,47
22,27,30,39,41,44
1,6,11,27,33,41
16,26,32,35,43,46
19,24,32,36,38,41
11,19,25,26,36,45
16,20,26,34,38,47
9,11,13,29,36,45
5,9,23,28,40,46
4,13,18,23,24,40
31,32,36,38,39,44
2,7,12,27,29,44
19,24,26,34,41,43
4,17,19,25,32,39
4,5,20,29,31,47
4,26,29,34,39,40
9,19,20,32,33,37
9,10,17,21,38,48
1,7,19,36,42,49
6,9,14,26,36,46
1,7,11,14,19,38
17,21,22,25,39,47
3,6,18,31,38,49
6,20,23,29,32,37
9,10,12,18,32,48
4,12,21,40,42,45
1,10,13,19,25,33
11,17,23,26,30,34
2,19,26,27,44,47
24,26,29,40,44,46
3,9,11,37,45,46
4,5,9,19,29,31
6,26,29,31,32,41
2,5,7,36,38,42
1,12,15,19,22,30
20,22,30,43,46,48
5,17,23,35,45,48
9,16,19,25,34,36
11,15,26,33,40,49
7,12,13,14,35,43
1,7,17,28,41,45
7,24,28,31,37,43
9,10,20,22,41,42
8,9,34,41,44,47
19,25,34,40,42,46
5,8,17,20,21,42
2,4,25,28,38,46
15,22,28,29,42,46
5,10,17,21,31,36
18,29,32,34,35,46
5,19,22,30,39,45
17,18,23,32,36,39
9,28,29,32,41,49
7,17,26,28,42,48
4,5,7,25,38,42
8,10,24,27,35,43
2,9,13,18,20,29
12,18,30,38,39,47
9,16,22,40,42,47
4,10,17,26,39,47
8,16,19,26,33,45
1,25,34,41,44,49
20,25,36,39,43,45
2,21,26,28,41,49
3,18,21,31,34,37
8,16,17,37,40,41
3,4,5,14,17,31
3,16,21,41,45,46
5,14,24,27,36,43
3,21,29,37,40,47
2,14,18,28,32,43
1,8,10,34,42,45
1,5,15,33,35,47
1,4,20,33,34,37
5,16,18,31,46,49
7,10,12,32,44,48
16,24,25,36,44,45
7,17,20,30,33,43
7,17,29,31,38,47
7,25,28,32,37,43
3,13,17,24,32,35
3,14,29,34,46,49
3,26,39,44,48,49
8,14,21,24,38,47
1,5,7,10,23,40
5,8,14,21,33,34
4,5,34,35,40,43
14,25,35,40,41,43
6,7,9,21,38,43
1,4,19,31,45,47
7,11,18,33,38,40
4,11,25,32,45,46
20,27,41,44,47,49
8,9,19,35,39,48
3,13,18,22,42,43
10,14,16,43,44,49
9,21,30,32,39,41
8,9,11,15,19,25
2,12,38,40,42,48
4,5,11,19,34,38
2,17,24,30,34,39
8,14,16,24,26,38
3,17,20,22,24,49
7,12,26,33,37,48
10,21,24,25,39,49
8,29,32,39,43,45
3,16,34,36,45,48
1,3,16,41,42,46
13,17,21,22,24,46
19,22,24,36,38,41
23,25,26,27,38,46
2,3,6,11,31,42
1,17,26,33,36,43
4,23,24,34,39,47
2,7,8,22,34,47
5,13,18,32,34,39
14,20,22,26,35,44
2,4,6,21,27,42
4,15,25,31,33,47
6,8,24,37,45,48
14,23,25,30,33,35
3,6,7,14,27,43
16,21,25,35,37,40
7,14,16,34,46,48
1,10,19,24,37,41
3,15,16,20,26,34
8,11,16,20,27,44
3,11,16,23,47,49
1,3,29,35,37,47
7,9,17,18,26,35
4,21,23,33,34,36
7,15,16,18,31,44
2,11,19,34,42,44
12,16,20,27,41,42
15,18,27,44,46,47
6,12,15,24,36,49
2,15,21,42,47,49
14,15,16,31,32,39
11,12,29,33,43,46
12,15,16,25,29,37
2,10,20,26,35,48
9,16,21,27,40,44
2,5,24,25,36,46
2,11,16,23,29,45
6,17,24,26,31,32
11,16,22,25,34,37
1,21,24,27,30,37
2,4,12,30,35,46
2,18,22,30,31,33
1,15,22,38,42,45
3,5,6,11,20,44
13,16,40,41,47,48
4,28,38,39,43,45
2,8,29,32,40,47
14,16,18,29,31,35
18,25,27,28,40,46
15,26,29,34,46,47
9,10,11,21,28,37
27,31,33,34,39,46
1,27,29,34,42,48
5,7,10,20,37,38
9,11,15,21,32,42
5,16,19,25,46,48
3,9,32,38,40,47
1,5,21,36,44,45
1,9,16,17,38,42
6,8,10,18,22,45
1,27,34,40,41,44
16,18,21,23,34,38
3,12,18,22,31,36
4,7,11,35,40,41
4,10,19,32,39,41
6,8,15,17,20,23
8,16,29,32,40,46
10,17,24,34,37,41
5,20,22,25,36,48
3,15,40,41,43,47
1,15,31,32,37,42
3,12,15,18,21,33
4,19,26,32,44,46
5,13,14,18,37,40
10,24,28,33,38,46
4,17,29,38,39,45
3,8,40,46,47,48
1,8,26,32,43,49
2,11,22,23,32,40
10,26,31,36,39,46
1,4,20,28,44,47
17,29,32,41,42,43
14,18,26,39,41,49
1,4,13,16,30,31
10,14,21,31,34,49
4,17,19,30,41,44
19,23,27,28,35,49
3,8,28,32,36,48
1,15,16,26,29,37
11,13,17,20,45,49
8,11,15,31,32,33
15,23,35,38,46,47
4,22,23,28,29,36
3,4,6,15,35,40
3,7,21,24,29,48
4,8,10,16,22,41
21,22,28,36,41,49
4,9,10,11,28,30
14,18,23,25,28,30
3,4,6,13,14,48
8,9,17,28,33,36
16,20,25,32,33,42
4,14,15,23,40,49
1,3,5,14,27,44
3,24,25,38,39,44
7,18,27,30,39,40
9,16,17,24,35,41
3,4,7,8,16,34
6,16,26,30,32,43
10,17,18,37,39,43
1,13,19,32,33,38
18,36,40,43,45,49
1,7,11,12,29,39
13,26,33,45,46,49
4,8,9,24,43,47
15,22,30,35,37,49
1,5,25,30,31,48
20,29,33,39,41,48
2,9,11,31,37,40
12,25,37,41,42,48
12,13,18,22,32,33
16,29,30,39,43,44
1,17,26,37,39,49
1,13,17,18,45,48
17,20,31,38,39,49
8,13,22,23,26,47
16,17,23,28,32,45
7,19,29,38,43,45
8,27,29,36,37,39
3,8,12,23,30,43
3,12,19,35,47,49
2,4,23,36,44,49
5,18,21,25,44,47
5,29,30,33,41,49
4,7,8,12,42,43
8,18,33,37,40,42
10,11,12,24,25,36
5,14,23,27,36,37
10,18,27,28,42,48
7,10,15,20,27,29
3,4,16,18,25,43
8,10,26,34,42,44
11,13,14,24,40,48
4,10,18,19,37,40
1,26,36,42,44,46
1,16,19,35,39,40
10,28,31,34,39,47
3,8,29,31,43,48
27,30,31,33,38,42
9,12,19,35,36,44
6,10,21,30,36,49
10,19,24,31,39,47
6,12,18,24,32,35
9,17,19,28,40,46
18,21,30,39,40,49
1,2,7,11,34,43
5,14,18,24,42,49
17,33,38,39,46,49
1,12,20,23,31,49
2,5,9,23,38,43
1,14,27,37,39,42
12,14,17,21,23,29
2,6,20,34,39,44
4,5,6,13,24,31
3,7,15,19,31,34
2,13,28,40,41,43
2,5,28,31,42,45
2,20,24,34,43,49
15,19,28,32,35,42
2,6,22,27,34,37
3,8,16,22,27,44
5,9,15,21,27,47
3,5,14,30,35,40
2,18,24,25,27,30
8,22,28,31,32,38
6,10,26,39,41,47
26,32,33,35,38,44
6,13,19,22,25,27
8,10,25,31,43,47
8,9,15,22,25,31
1,8,13,28,31,44
9,13,19,23,34,40
12,14,20,33,38,43
1,4,31,33,36,39
2,7,10,14,23,42
1,3,20,22,30,44
5,28,29,32,43,45
7,15,17,29,40,47
11,24,35,45,46,48
5,32,34,40,45,47
6,19,33,35,43,44
5,8,16,32,34,43
17,20,23,27,36,47
6,31,34,37,39,48
6,20,22,27,32,41
2,5,13,23,35,45
4,16,17,18,22,44
10,27,30,33,36,48
2,4,15,24,28,41
8,9,10,18,30,39
3,7,18,21,41,44
2,4,6,11,42,44
6,20,35,42,47,49
3,12,14,29,31,33
7,23,27,29,44,49
1,7,9,21,46,47
2,13,27,29,35,38
8,12,16,20,21,44
2,3,8,24,32,48
13,16,17,19,35,45
1,24,32,36,48,49
3,7,23,28,31,49
16,31,40,42,45,49
4,6,15,32,34,35
13,15,24,28,41,46
1,18,19,31,45,49
4,5,24,25,36,39
22,33,38,39,44,49
2,18,23,35,37,42
4,20,33,47,48,49
1,14,15,30,37,49
4,17,22,28,30,47
8,16,22,31,32,39
6,23,24,26,33,36
4,15,19,20,36,48
3,10,20,30,44,49
23,31,34,45,47,48
1,8,17,20,32,44
3,25,28,29,35,47
1,13,14,45,46,48
4,14,28,32,33,44
11,17,20,31,33,35
14,21,34,40,44,47
6,9,14,16,19,28
10,25,29,31,39,49
7,9,11,24,31,49
3,7,19,23,26,35
1,4,11,16,23,33
6,19,22,28,32,38
8,10,11,27,31,43
6,9,11,17,20,27
1,30,36,37,38,40
2,18,31,33,35,37
2,6,14,28,44,47
4,11,27,31,36,49
11,18,23,33,47,49
8,15,22,36,41,42
13,21,30,37,43,46
1,8,14,19,27,31
7,10,15,18,19,23
6,17,30,34,41,48
6,8,15,32,44,49
9,17,18,32,34,42
1,9,25,34,35,42
2,10,37,40,42,44
18,25,29,32,34,44
5,13,19,27,41,45
10,28,30,37,40,44
5,7,26,28,32,37
6,8,10,37,42,46
3,17,18,28,34,49
4,16,19,23,34,41
2,20,23,25,27,46
7,9,13,26,28,34
4,9,23,25,30,35
18,19,22,36,41,42
10,18,24,32,44,47
12,22,25,32,38,40
6,14,17,19,28,30
4,13,16,32,35,40
1,18,20,26,31,39
1,12,34,42,44,45
2,10,16,27,38,47
14,26,29,33,35,37
10,12,17,33,36,40
6,13,24,30,32,33
18,23,24,25,31,32
1,5,21,29,37,42
6,10,18,26,27,41
2,4,13,16,17,40
3,5,15,16,17,31
1,2,7,14,41,49
10,13,18,28,31,42
1,8,15,25,31,41
12,13,19,20,39,42
14,20,25,33,35,48
9,15,21,34,45,46
1,5,6,9,22,44
8,12,34,38,43,46
5,13,19,26,37,38
3,14,21,28,30,45
13,22,24,34,37,44
3,4,13,21,22,46
9,12,13,32,34,35
6,7,18,27,32,39
5,9,15,17,29,35
4,12,14,32,44,45
11,20,25,30,34,38
1,14,27,42,46,49
13,15,18,37,42,49
18,22,39,40,43,47
3,7,15,17,41,43
4,6,11,17,27,44
1,13,21,31,36,48
3,6,7,19,27,32
1,16,20,21,25,33
5,20,26,39,45,46
7,9,10,40,44,48
2,7,12,15,18,48
1,4,26,27,35,45
1,17,20,37,42,44
1,24,28,40,46,49
20,26,29,33,40,45
4,21,24,32,34,47
1,14,28,36,47,49
14,16,20,22,34,42
4,17,26,33,43,49
9,17,28,36,44,46
9,16,18,25,37,47
2,20,27,29,41,43
17,20,34,39,41,49
6,7,18,21,24,32
5,7,19,24,37,41
2,14,37,42,44,48
5,8,25,42,43,45
20,24,32,36,41,43
10,16,31,42,47,49
2,9,22,25,47,49
1,7,15,18,27,40
4,11,17,20,25,49
3,5,10,36,42,45
7,26,28,34,38,47
11,12,26,27,29,34
2,14,40,41,43,46
5,6,21,22,31,33
2,5,33,35,47,49
12,18,22,33,35,44
3,22,27,46,48,49
15,24,36,41,42,46
19,21,24,29,46,48
1,5,6,10,33,49
1,10,11,15,22,29
7,8,11,16,41,47
11,12,28,30,39,48
15,21,24,27,42,47
11,14,25,28,44,47
17,18,21,22,23,45
13,16,21,26,35,46
1,23,26,37,43,49
10,16,32,35,36,42
3,13,28,31,40,44
1,3,14,33,37,49
4,9,22,27,42,45
2,11,30,34,38,44
11,17,28,35,38,40
7,17,34,38,45,46
5,31,33,34,36,38
2,19,20,26,32,37
6,23,25,31,39,41
7,10,31,37,46,49
13,25,38,40,42,47
6,13,31,35,38,40
11,24,39,41,43,45
9,22,24,27,36,46
1,4,8,27,34,40
27,29,30,33,44,45
12,20,22,28,36,43
2,5,11,27,31,43
2,3,7,22,38,48
7,15,16,26,29,47
5,19,21,34,43,49
3,22,23,31,33,47
5,7,20,26,31,36
3,4,13,25,29,41
4,8,9,39,40,46
7,11,17,28,38,42
1,3,30,36,42,43
2,9,16,22,34,40
8,13,25,30,38,39
7,10,37,45,46,47
12,24,35,42,45,47
13,14,19,20,29,47
22,27,32,37,42,47
5,7,12,17,26,47
9,17,21,28,29,30
2,8,11,25,45,47
11,14,15,25,38,42
13,15,16,24,38,40
5,17,27,31,33,48
10,12,18,39,43,49
9,27,28,36,37,46
2,16,28,39,41,46
10,16,26,34,37,43
2,8,13,23,27,44
13,22,26,40,46,49
11,23,29,30,44,49
1,6,21,27,43,49
17,19,20,31,40,44
13,19,41,44,46,48
2,7,12,17,19,23
14,20,25,43,44,46
1,10,16,25,43,48
4,10,17,20,24,39
7,12,37,38,40,46
17,18,21,37,38,39
14,23,29,35,39,47
9,22,30,39,42,45
7,8,10,20,31,49
8,9,17,22,43,45
4,5,7,18,33,42
6,9,12,33,34,48
17,20,36,40,43,47
17,18,32,34,39,46
10,14,34,37,40,49
1,6,8,30,32,44
9,13,14,33,39,40
6,14,15,19,26,28
1,9,14,20,43,48
3,16,18,24,31,44
3,10,14,16,17,39
1,11,16,27,32,49
19,30,32,39,42,49
5,10,19,29,35,42
21,26,29,31,46,47
4,16,24,28,35,46
6,10,20,30,31,39
3,5,13,14,31,40
12,21,28,34,38,39
3,5,14,26,34,41
10,17,22,26,34,45
1,19,21,23,24,46
5,9,23,27,28,39
21,26,29,33,35,43
20,27,34,39,42,47
2,3,13,26,36,38
16,19,25,32,38,47
7,25,28,37,44,48
2,14,19,20,26,49
7,9,21,25,26,46
2,5,9,17,22,38
11,22,24,37,39,49
17,33,34,37,41,47
5,7,10,15,24,29
18,23,29,38,41,44
8,28,30,31,32,35
1,13,17,23,30,40
5,10,16,20,29,42
12,15,17,28,38,43
9,11,21,28,29,37
3,5,23,24,34,47
6,7,23,30,38,45
4,16,18,28,31,38
10,11,17,29,38,47
4,6,18,33,42,44
6,7,12,37,45,48
16,17,23,28,43,49
8,13,22,34,43,45
4,5,15,18,25,41
21,22,29,31,42,47
2,5,6,8,32,46
13,17,22,28,31,41
7,14,17,22,30,47
1,8,18,19,29,33
3,4,9,29,38,47
4,10,19,24,41,45
1,3,7,23,28,42
16,24,26,27,39,45
10,15,22,25,27,40
6,19,25,39,44,47
9,18,22,26,32,36
14,19,20,27,40,45
10,21,35,36,42,44
8,12,25,30,43,49
16,25,30,38,46,48
6,30,31,32,35,47
5,10,27,29,35,45
16,18,20,26,37,38
16,26,30,33,43,49
2,23,28,32,33,47
8,18,20,26,29,37
7,8,13,25,38,44
11,18,26,33,47,49
11,13,26,28,36,41
14,20,32,35,40,41
3,9,17,24,39,43
4,8,30,39,40,45
20,24,35,36,40,45
8,10,17,26,37,41
3,5,10,12,13,40
6,11,15,25,40,46
6,10,32,37,40,48
7,10,23,26,27,32
3,9,24,26,33,47
2,8,9,20,23,43
10,11,22,28,30,33
7,15,19,32,33,34
9,30,31,33,37,43
7,12,14,16,35,39
4,23,25,36,38,43
2,7,11,15,42,49
6,7,19,27,37,45
23,25,28,30,32,49
13,15,18,21,38,44
9,15,17,31,33,34
4,8,9,41,45,47
23,27,33,46,47,49
1,3,6,22,25,39
1,5,6,15,20,22
1,5,18,34,35,37
2,9,19,24,32,41
5,12,21,32,46,47
4,5,27,38,43,45
1,2,7,9,21,42
10,17,23,29,30,43
1,3,24,27,43,45
31,36,40,43,48,49
1,18,36,40,44,47
5,8,17,32,43,44
17,34,39,41,43,47
4,8,10,13,29,43
12,25,36,37,40,42
13,21,27,46,47,48
7,24,32,33,34,35
2,3,18,30,34,40
6,15,35,42,47,48
5,17,25,26,41,42
7,13,17,19,23,39
7,9,17,21,39,49
4,6,20,26,31,33
7,11,13,36,43,44
15,38,43,45,48,49
1,3,4,23,36,38
14,15,24,36,45,46
6,12,23,30,34,43
5,6,33,41,44,49
19,21,32,35,38,47
17,18,20,29,31,43
17,19,28,35,36,42
19,21,22,23,37,45
2,11,25,34,46,49
22,32,35,39,44,46
4,7,16,21,47,48
11,14,38,43,44,46
7,16,20,28,32,41
7,8,23,26,46,48
1,11,20,23,28,32
8,17,25,26,45,46
12,30,40,46,47,49
6,12,18,19,31,47
1,3,7,8,35,44
26,30,32,34,40,47
2,8,12,15,39,49
5,16,17,18,31,38
3,16,18,21,25,48
9,15,22,38,41,45
7,9,10,17,38,44
1,12,20,25,29,43
16,18,27,28,29,31
14,15,26,34,35,42
9,12,21,22,35,44
7,18,21,26,34,36
1,7,28,31,40,44
2,14,16,25,30,33
2,12,24,26,38,42
4,12,13,14,27,28
12,22,29,32,33,36
4,6,15,38,41,48
2,5,24,25,31,35
16,18,26,27,29,34
29,34,35,39,40,43
6,7,8,10,26,38
7,12,19,22,32,48
2,26,31,33,38,40
5,9,22,33,34,48
1,24,26,28,29,32
7,15,28,29,33,41
4,5,6,13,22,40
14,17,21,25,27,39
14,21,25,28,36,37
19,20,25,27,31,38
1,2,15,26,39,49
21,23,31,34,38,44
2,16,18,25,27,45
11,30,32,34,42,44
2,12,19,21,35,49
9,32,34,36,43,49
9,15,16,33,35,41
3,19,29,31,34,42
20,21,32,39,42,43
9,12,17,25,30,35
9,11,32,34,35,48
7,18,21,26,31,37
19,29,30,31,32,36
13,23,29,39,46,47
7,8,24,39,40,46
1,2,3,4,13,48
13,15,18,23,26,46
5,21,30,33,36,41
8,13,23,31,39,41
16,20,22,31,40,43
3,8,12,19,42,44
5,6,7,14,16,46
6,7,21,28,38,39
1,2,12,20,21,47
15,27,30,31,34,43
3,4,20,22,33,46
16,21,25,26,38,47
9,10,21,28,30,41
6,14,23,29,44,48
4,13,26,35,41,46
3,9,18,32,41,47
1,15,32,35,38,49
11,14,16,17,29,41
5,10,31,35,37,41
1,3,14,17,38,40
1,4,30,40,42,48
4,12,31,41,43,49
19,21,34,36,47,49
16,17,20,21,29,35
14,35,40,43,46,47
11,15,16,22,27,34
8,17,25,26,38,42
8,12,22,39,40,44
3,12,35,42,43,45
2,13,15,24,33,35
7,18,26,35,38,48
11,22,25,33,42,49
3,11,13,15,20,39
22,28,29,30,36,47
12,14,19,26,40,42
8,9,14,38,42,49
12,19,28,31,41,47
2,6,7,8,30,37
3,7,11,29,45,48
5,6,7,12,35,39
18,28,29,30,46,49
10,19,20,35,38,43
2,16,22,24,27,45
3,21,23,41,43,46
1,5,10,16,44,45
15,18,29,30,37,47
2,11,32,33,48,49
8,9,13,27,28,38
7,14,32,36,39,44
11,13,16,17,19,20
11,23,30,31,34,46
7,15,19,28,29,30
3,16,20,22,37,39
6,14,18,21,34,35
3,11,16,23,24,26
16,31,38,39,41,42
11,12,18,20,36,43
12,21,25,34,45,48
7,15,31,41,46,47
1,6,13,14,19,34
1,24,28,34,44,47
19,29,33,34,39,41
13,19,29,31,32,48
12,16,17,20,34,39
4,12,16,22,32,40
12,14,32,40,43,49
4,5,8,10,32,39
1,8,16,18,19,38
22,24,28,33,38,46
1,2,14,25,29,46
3,6,9,39,46,47
1,7,18,19,27,41
5,12,15,26,36,46
6,11,13,21,27,41
9,15,25,27,28,41
7,14,26,28,30,42
6,20,24,29,32,42
1,2,8,12,41,45
8,28,30,37,41,43
32,36,43,44,45,47
11,18,20,25,35,39
12,21,23,31,33,45
4,6,17,31,34,49
8,20,30,38,41,43
4,7,11,18,46,47
4,18,39,40,42,43
3,13,16,18,19,46
1,3,8,27,39,48
9,20,24,38,44,48
3,6,22,31,35,43
3,25,29,37,44,45
10,12,22,27,31,32
5,6,9,39,43,47
12,17,33,34,40,48
1,3,19,32,37,47
17,23,32,33,40,47
18,27,28,34,38,45
1,3,13,21,32,45
3,8,12,20,26,39
5,17,31,34,36,38
5,24,38,40,44,48
16,17,23,35,39,45
12,18,27,29,31,43
8,10,32,36,37,44
23,27,31,39,41,42
13,30,37,39,42,44
16,24,25,27,29,40
2,4,14,32,39,43
1,6,16,38,41,48
15,23,27,31,41,42
2,4,8,9,22,34
4,14,20,21,29,36
5,18,19,26,30,40
4,9,17,31,33,38
2,6,15,26,36,40
9,16,26,30,32,36
20,22,37,42,43,46
17,18,20,39,40,41
16,19,20,25,35,42
12,19,21,28,30,39
2,18,31,33,43,47
1,21,23,25,29,44
4,21,23,29,33,40
3,7,12,16,30,31
4,9,12,27,28,48
4,5,21,24,36,38
11,12,27,29,31,38
10,26,27,35,41,46
11,19,20,36,38,47
7,18,25,34,39,47
23,26,29,41,42,46
2,8,10,12,23,44
4,23,24,34,41,48
4,7,20,32,45,48
11,17,22,30,40,41
3,22,31,32,33,39
2,7,8,15,21,40
5,13,22,23,28,38
13,15,23,26,32,33
7,8,13,16,17,36
6,27,33,41,47,48
5,6,12,13,34,45
8,28,30,33,37,46
12,15,25,34,37,49
1,19,22,23,24,34
11,14,16,19,44,46
1,4,15,27,32,45
25,29,30,32,33,42
7,9,19,28,34,45
9,15,32,37,42,46
11,25,28,29,33,43
5,22,25,27,30,44
4,9,17,26,32,37
1,7,13,24,40,46
2,6,15,29,31,37
5,11,25,29,38,39
2,12,19,21,24,43
1,4,22,23,34,35
10,24,26,30,40,47
11,15,27,30,46,49
4,14,17,20,21,33
4,13,30,37,41,46
13,14,27,31,38,40
5,8,37,42,47,48
9,10,30,31,37,44
1,2,13,17,31,41
17,19,20,21,35,41
2,12,27,36,39,41
7,22,25,39,45,48
10,14,21,36,37,38
5,7,11,31,35,46
1,11,26,28,30,31
5,10,14,35,43,47
2,10,25,38,41,42
10,13,14,34,36,42
1,15,24,36,37,43
22,24,37,38,46,49
12,13,15,37,38,42
5,8,32,33,47,49
11,13,20,29,34,49
13,15,23,28,46,49
8,31,33,34,45,46
5,17,20,27,28,31
4,9,30,31,45,49
9,16,22,27,38,48
9,10,18,21,25,47
10,20,26,35,42,43
8,12,18,24,30,44
11,24,40,42,44,45
4,11,17,28,30,32
9,11,22,27,37,42
2,5,7,9,21,24
2,3,17,38,40,42
8,22,29,42,46,48
1,4,8,30,31,33
4,10,25,33,36,46
5,22,27,35,38,47
11,16,35,37,46,49
12,13,16,29,44,45
13,17,33,39,42,46
18,21,24,31,35,39
10,13,31,32,39,46
2,20,22,23,24,31
2,3,31,36,46,48
8,10,31,34,40,41
9,14,21,26,27,35
10,13,14,34,39,48
12,24,28,34,35,42
30,34,37,38,40,49
17,30,33,42,45,48
6,8,12,44,46,47
21,27,28,32,38,42
10,17,19,31,35,48
4,11,16,26,28,38
3,8,12,26,29,42
10,21,22,35,42,45
13,16,18,27,28,41
3,8,11,12,21,48
1,12,14,34,39,48
8,9,16,18,22,37
18,21,23,24,28,41
14,18,26,31,34,40
7,9,19,25,42,44
1,7,14,18,26,33
1,14,19,34,42,49
1,2,34,35,45,47
2,3,13,27,30,49
3,7,8,21,27,37
15,20,36,37,48,49
4,20,31,35,43,46
23,24,25,29,34,48
8,11,14,18,25,43
1,19,24,26,31,32
7,12,13,19,20,27
10,15,17,20,22,37
9,19,31,32,38,40
6,7,9,17,19,44
10,11,32,36,45,46
4,9,18,22,34,42
6,9,14,29,38,46
18,19,20,23,30,42
11,13,18,33,39,41
19,25,26,41,44,45
6,7,16,22,37,38
6,19,20,31,43,48
21,28,35,40,45,47
23,29,33,34,38,42
6,14,23,27,38,40
5,7,9,10,13,49
9,13,14,31,45,46
12,32,41,42,46,49
2,14,31,36,44,49
7,15,31,36,38,39
9,15,27,33,36,39
8,12,30,33,34,44
11,23,30,39,40,41
16,17,26,30,40,43
1,10,18,19,27,42
10,21,22,27,28,43
10,12,30,32,34,38
21,22,24,31,33,34
5,7,11,30,43,49
3,5,10,28,41,47
15,25,30,33,45,46
3,8,15,18,26,34
6,9,13,23,26,41
7,8,31,35,37,41
2,7,8,20,28,34
10,32,35,37,39,47
2,22,25,26,32,46
16,18,21,22,27,47
6,17,23,28,35,47
6,15,28,38,43,47
6,19,27,33,43,47
15,16,19,30,35,39
6,9,13,31,35,47
1,19,20,36,46,49
6,10,12,39,41,49
9,13,24,28,30,44
10,31,32,35,38,46
1,8,22,34,38,43
5,8,24,32,47,48
3,9,16,19,32,47
17,18,34,41,43,48
2,4,6,26,27,44
18,20,21,30,34,46
6,15,23,24,34,42
4,8,36,41,45,46
16,17,19,32,35,42
2,6,8,17,25,40
3,4,11,12,28,31
5,19,30,33,36,39
3,17,19,21,27,46
1,3,8,11,22,30
5,16,17,32,45,48
3,7,13,17,32,48
12,15,19,25,26,32
1,9,23,34,37,43
1,3,7,27,34,41
5,12,24,29,38,41
2,5,9,14,44,46
18,19,29,31,35,43
17,25,27,30,32,36
19,33,34,35,40,41
13,14,28,33,34,48
6,10,23,40,46,49
9,14,26,32,33,48
5,6,14,32,44,45
1,4,5,9,27,42
4,13,15,19,30,46
3,30,31,33,34,41
7,9,20,26,32,38
5,17,24,25,28,49
7,18,20,27,42,48
13,32,35,38,40,44
5,11,17,25,34,49
6,11,17,26,27,47
9,12,27,30,36,37
16,18,29,31,41,47
8,13,16,37,39,46
2,11,23,33,43,46
13,21,27,30,38,43
3,7,17,21,32,46
16,18,20,30,32,42
19,20,28,30,31,43
7,24,36,40,46,48
4,7,13,20,27,30
1,16,23,32,35,45
20,21,27,36,37,47
4,12,28,31,45,46
7,18,21,23,32,46
2,6,12,18,38,42
2,3,13,16,22,48
7,10,30,36,38,49
8,13,17,18,27,32
3,5,21,32,43,46
12,17,19,22,42,48
12,13,18,19,36,48
19,29,37,41,45,48
12,17,23,32,44,49
1,9,18,33,36,48
9,17,29,38,39,42
3,4,8,15,30,31
4,25,33,35,40,45
3,5,12,38,41,44
8,19,27,34,36,45
2,20,22,30,33,43
20,30,40,41,43,44
2,6,18,28,32,44
6,9,21,31,40,42
12,26,27,34,41,43
16,21,22,26,35,49
5,12,34,35,37,49
3,5,8,9,37,38
14,22,26,38,42,43
9,19,21,23,31,49
5,12,22,26,29,31
8,14,15,21,48,49
7,15,20,23,40,49
4,7,21,36,39,40
4,11,12,14,27,30
4,6,8,22,23,25
8,18,26,30,39,49
7,15,23,27,30,49
1,10,16,24,39,48
2,5,9,18,34,41
1,12,27,28,41,44
3,5,11,19,29,40
1,9,27,33,37,41
6,19,28,35,38,42
1,3,5,16,20,26
8,13,26,28,34,37
4,9,13,22,24,30
17,31,36,38,45,49
28,32,34,41,45,48
13,24,27,31,46,48
9,13,20,30,34,36
4,7,15,34,37,41
8,34,38,43,46,47
8,13,24,28,32,41
1,3,7,25,33,34
2,3,24,25,43,45
2,9,17,25,30,40
4,7,10,13,39,46
3,8,13,21,32,49
12,17,19,23,24,40
3,6,10,15,42,47
9,15,26,40,43,48
20,21,30,39,41,47
4,22,25,44,46,48
23,30,35,44,46,48
5,7,21,34,38,45
11,16,18,27,42,43
3,15,21,30,34,47
1,15,20,34,36,39
1,16,17,30,44,49
11,12,13,14,39,47
10,23,38,42,44,49
30,32,39,40,42,44
27,38,39,43,44,49
4,20,23,26,32,46
13,18,21,31,38,44
12,14,16,41,45,48
16,39,40,44,48,49
1,12,18,23,47,49
11,12,20,21,39,45
3,9,29,31,44,49
2,3,9,16,27,43
19,20,38,39,44,45
5,15,40,41,45,49
1,14,20,25,27,31
7,20,23,27,38,41
23,32,34,37,42,43
3,28,36,37,43,47
8,15,23,39,40,45
8,9,14,27,40,49
16,18,19,23,32,33
7,13,21,22,33,38
11,20,21,26,39,43
1,2,10,24,29,39
1,8,10,15,40,41
3,5,8,37,38,46
8,12,19,25,27,40
21,26,27,34,40,48
4,13,21,23,37,38
5,12,31,33,39,49
2,21,25,30,35,41
4,14,15,19,23,38
2,8,12,24,34,39
1,19,24,33,44,45
18,25,26,31,34,42
12,28,32,43,47,48
7,13,24,39,41,49
1,5,8,14,38,45
1,14,17,24,41,42
11,14,15,21,30,32
12,14,20,21,39,43
1,15,27,29,35,47
13,26,30,38,43,46
2,3,13,17,23,42
7,21,32,33,38,42
20,30,32,39,41,42
7,18,21,29,36,37
5,22,30,31,37,38
15,16,19,27,31,39
8,20,38,40,42,44
6,13,14,15,20,42
5,13,19,31,40,43
4,5,10,21,24,44
1,8,9,14,37,45
14,19,21,25,34,48
10,16,17,23,36,48
4,7,36,39,47,48
7,21,25,31,42,47
2,7,9,31,44,46
2,12,21,34,41,43
4,8,23,26,30,46
3,5,6,8,14,48
4,9,21,26,48,49
4,13,21,23,30,40
9,17,29,32,41,42
2,6,27,35,41,42
1,3,6,11,27,47
14,15,32,38,40,46
7,8,12,18,23,36
9,12,23,33,41,47
13,17,27,31,40,42
8,21,22,31,33,45
1,23,25,26,33,44
23,28,33,38,47,49
19,24,30,35,37,44
4,13,17,28,44,47
2,8,13,16,26,31
8,10,18,31,41,48
6,14,16,27,30,43
6,27,30,31,34,47
1,8,19,27,32,39
4,8,23,35,40,46
4,5,7,8,16,39
20,21,25,31,43,45
8,13,25,30,43,45
6,9,16,27,46,48
9,21,25,27,40,42
1,3,7,13,39,46
5,6,21,26,42,48
11,24,28,40,46,47
3,20,22,30,44,45
13,31,32,40,45,48
12,16,25,26,28,41
5,21,29,31,45,49
12,16,20,22,26,38
4,15,20,27,41,45
4,27,32,38,40,45
9,20,27,34,38,46
1,3,12,14,17,46
2,3,15,19,44,45
11,14,15,16,28,42
11,15,27,39,43,44
9,14,19,28,37,46
4,14,18,35,36,48
22,28,36,42,46,49
3,14,19,26,35,45
2,16,20,36,45,47
2,8,16,31,34,36
8,20,23,25,36,43
3,5,6,20,29,33
5,15,17,32,41,45
11,21,25,27,28,37
3,12,21,24,37,45
13,23,26,27,30,44
2,3,19,32,36,47
3,8,13,30,37,47
1,2,16,19,20,38
1,4,10,22,27,42
20,21,22,34,36,43
7,16,18,25,32,33
5,25,33,37,39,43
17,21,25,26,33,48
3,8,10,23,31,47
3,10,19,27,32,33
17,25,29,30,34,40
2,3,11,14,27,30
4,31,32,35,37,48
12,16,20,23,36,47
6,15,16,36,39,46
4,5,25,37,39,44
4,12,36,44,45,47
14,19,22,24,35,47
4,5,10,20,23,47
1,7,14,16,32,41
1,6,8,10,14,49
1,2,5,11,17,19
7,15,25,32,44,48
3,4,6,20,31,35
6,14,25,30,31,36
28,29,36,39,45,46
12,13,16,34,44,49
16,19,22,34,37,40
13,14,18,23,24,27
13,23,27,39,41,49
7,12,20,35,36,38
6,11,20,24,38,42
15,23,39,40,44,46
9,11,32,38,39,40
10,12,34,37,39,41
2,10,23,31,39,49
1,3,16,29,31,46
23,26,29,31,33,42
2,3,11,15,34,47
2,3,14,17,25,49
17,23,24,39,45,49
10,13,16,21,26,35
5,11,14,19,27,29
1,11,22,28,30,43
1,20,23,31,34,44
3,17,18,21,23,28
13,15,27,31,43,44
11,15,16,25,31,44
4,5,14,30,32,34
11,28,29,34,38,40
10,23,28,38,43,45
10,15,25,31,33,35
7,10,12,15,23,47
3,4,5,9,14,18
5,20,34,38,39,47
5,6,18,23,28,47
3,17,19,29,37,42
2,16,22,23,36,45
2,5,9,10,22,35
7,13,18,26,27,47
29,32,33,46,47,48
6,12,24,29,34,45
10,13,29,30,37,41
6,20,24,33,42,47
2,9,19,37,39,46
3,6,9,16,30,49
8,18,20,22,39,40
5,14,23,28,34,47
2,3,10,16,27,37
5,9,14,21,25,42
1,2,30,31,34,49
6,10,26,28,37,42
10,16,28,37,42,47
7,18,20,21,32,40
2,13,19,32,38,47
4,10,16,21,33,36
7,14,18,25,32,37
6,22,25,26,37,43
22,26,29,31,36,39
7,20,22,23,44,49
8,12,17,28,38,40
26,34,36,41,46,48
3,6,8,30,40,43
6,7,19,34,36,41
15,23,28,39,45,48
8,12,15,23,38,45
1,7,9,11,37,40
16,22,27,29,36,42
5,20,29,42,45,49
8,12,33,36,40,45
9,12,15,29,32,37
8,29,34,37,39,47
10,12,27,31,37,42
2,23,24,28,31,35
8,19,35,42,43,48
2,8,20,28,39,40
3,17,28,30,47,48
5,12,13,15,30,49
7,17,24,32,34,43
7,14,27,32,46,49
4,15,23,30,35,49
4,20,25,28,35,42
10,11,20,22,31,39
1,21,26,31,32,47
4,9,15,20,37,43
1,5,12,13,16,21
2,27,32,35,41,47
5,6,31,33,44,49
1,2,6,10,16,21
12,16,20,27,43,44
6,15,23,30,34,43
2,6,16,24,34,38
1,5,22,42,47,49
6,20,26,40,42,46
9,12,25,31,36,48
2,19,23,29,46,47
10,26,28,35,38,39
10,13,27,28,31,49
5,31,37,38,43,49
6,16,17,23,34,35
2,3,22,31,34,45
10,11,33,38,39,45
1,4,14,21,22,29
10,11,19,34,45,46
1,4,14,17,31,44
3,20,21,33,35,45
15,16,38,39,41,45
12,13,15,37,41,49
1,4,8,9,47,48
12,17,21,23,38,44
1,4,22,26,37,47
8,20,22,36,47,49
9,20,26,34,44,49
4,6,29,32,33,38
10,30,37,44,47,49
5,9,10,15,21,41
8,21,23,29,30,37
13,15,26,32,34,36
1,13,26,28,29,41
13,15,28,31,35,45
10,15,22,25,32,34
1,6,17,20,33,44
1,6,14,18,25,34
3,8,21,23,33,49
6,22,28,32,42,45
10,14,15,17,23,25
4,8,15,30,41,45
19,20,21,27,34,43
9,10,23,35,42,49
3,11,24,37,38,39
15,20,21,22,26,35
14,27,31,38,45,47
3,5,6,12,14,30
4,21,23,31,43,45
1,2,6,22,36,47
2,9,21,24,35,46
6,16,17,28,45,49
3,22,25,33,39,41
1,3,5,6,24,39
4,12,15,18,19,32
17,18,19,36,41,42
10,11,20,29,43,45
11,12,16,19,26,37
6,12,17,26,38,44
3,15,17,18,24,44
2,8,10,14,18,44
10,13,16,19,25,31
6,28,33,34,36,48
6,11,30,36,37,48
1,3,18,23,24,35
1,2,6,10,14,29
1,3,5,27,30,45
1,10,16,38,44,45
4,5,9,17,30,41
12,29,38,46,48,49
4,22,23,38,42,43
10,17,19,23,25,35
6,11,20,28,33,49
9,26,32,41,48,49
7,12,30,35,44,49
8,15,27,40,45,46
9,16,27,28,32,45
2,17,19,20,26,41
12,24,25,29,39,42
2,3,5,10,26,27
14,32,35,47,48,49
7,9,10,13,15,34
5,24,30,33,37,40
7,9,12,30,41,44
2,12,16,19,36,37
22,26,32,38,45,46
15,21,32,34,36,38
3,12,18,28,31,36
11,22,24,31,32,36
2,25,38,42,45,48
4,23,33,34,36,47
17,20,28,34,40,42
24,28,29,31,36,40
13,20,22,32,39,43
2,9,16,35,41,48
11,14,16,17,19,26
6,12,18,20,30,45
1,26,29,37,40,43
3,4,9,24,46,49
2,5,18,29,35,37
2,14,28,30,38,45
2,5,18,36,37,47
2,8,12,27,37,39
14,16,31,34,36,44
2,10,12,15,18,36
3,14,22,37,46,48
13,23,24,37,46,47
9,12,22,26,29,32
10,22,37,38,41,42
9,11,12,17,33,42
10,29,31,32,38,47
9,15,22,37,40,49
5,21,29,30,36,42
5,20,26,34,37,46
2,5,11,15,31,36
12,16,20,26,43,44
17,23,30,36,48,49
5,9,12,42,48,49
8,14,39,41,42,49
4,7,12,17,24,32
4,7,10,25,35,38
7,24,28,37,48,49
5,14,26,31,38,48
4,11,19,21,23,40
4,10,23,25,39,42
19,27,33,41,43,46
6,8,12,13,18,46
4,7,13,31,36,37
11,14,16,21,32,39
4,19,27,28,32,36
17,26,36,39,44,47
1,10,17,20,33,45
2,12,40,42,45,47
9,18,22,25,42,49
2,3,6,15,39,44
3,5,13,20,27,29
4,7,25,30,42,47
2,11,24,29,42,46
2,19,36,45,46,47
3,4,13,34,35,36
13,20,23,31,44,49
15,19,27,29,42,48
1,2,14,25,41,44
24,37,41,44,45,47
15,16,23,38,41,46
5,14,17,32,40,46
9,19,36,40,42,48
2,3,22,32,33,34
18,20,27,34,39,43
5,26,30,34,41,44
15,16,22,33,34,43
2,8,20,28,41,42
5,14,20,22,40,43
21,26,27,32,42,44
2,10,14,24,31,45
1,19,22,29,35,48
8,11,14,34,41,42
6,9,12,21,27,32
3,8,9,33,39,49
7,14,24,27,29,49
4,9,11,16,17,44
2,20,24,25,35,45
7,32,35,36,47,48
22,23,32,34,36,47
2,8,42,45,47,49
6,10,15,17,28,44
2,34,36,41,43,45
3,12,22,35,40,47
6,16,27,30,34,35
6,14,20,32,37,44
1,9,15,26,47,48
2,6,27,40,41,47
4,14,18,36,39,44
12,17,25,44,45,47
6,7,22,33,36,40
8,20,34,36,41,43
4,20,24,44,46,47
3,11,16,24,36,49
7,22,25,35,40,42
11,18,25,28,34,44
7,9,13,25,27,47
1,5,29,32,37,43
3,5,10,41,43,45
4,10,14,19,22,27
10,14,16,19,23,36
11,21,27,29,39,45
3,12,26,34,37,41
4,5,26,29,30,34
4,16,19,26,35,43
3,8,17,24,27,43
10,30,31,35,43,44
10,11,12,19,41,48
3,16,32,39,46,49
5,9,12,20,25,27
5,10,24,27,30,45
10,29,34,42,46,47
1,18,25,41,47,48
12,16,32,44,47,49
7,14,20,24,28,39
5,24,28,35,38,42
1,6,19,25,33,48
12,19,33,36,40,44
11,12,19,34,36,45
13,19,23,40,45,49
2,10,11,27,33,37
1,13,23,36,37,48
3,5,8,14,27,31
22,23,24,27,30,45
11,14,18,27,30,42
2,5,11,25,32,34
4,8,18,32,38,45
7,10,27,42,43,47
1,4,16,22,32,37
5,6,21,26,33,40
5,7,9,33,41,48
11,15,29,31,34,46
1,17,21,27,40,44
3,13,22,23,24,25
10,15,17,20,31,44
11,15,19,27,40,48
5,10,12,38,40,41
16,21,31,35,42,44
4,20,28,34,42,49
15,17,32,42,43,45
1,12,18,23,42,47
2,3,25,37,39,40
5,12,19,35,37,43
2,3,12,27,31,47
11,33,37,40,45,46
9,21,39,42,45,49
3,13,14,18,29,40
10,15,16,32,33,41
2,11,14,22,25,34
6,8,14,17,32,47
10,23,35,41,43,47
18,19,29,40,43,49
4,6,12,27,28,46
20,27,31,40,42,45
9,11,19,22,24,42
2,10,27,29,31,49
15,20,36,37,46,49
3,6,21,30,36,40
2,20,22,31,37,49
1,24,29,35,40,45
15,18,20,24,31,41
7,14,19,40,43,49
6,24,25,40,41,44
5,6,21,35,38,46
1,10,14,19,38,45
2,9,11,23,27,45
38,43,44,45,46,47
7,12,16,29,37,43
3,10,23,40,43,46
9,13,21,23,36,47
5,6,11,20,25,47
12,21,33,39,47,49
21,26,29,42,44,49
24,25,28,36,37,42
5,9,23,28,29,48
4,32,36,37,40,49
12,23,24,31,45,46
6,13,23,24,31,42
3,6,20,24,36,47
2,14,21,25,32,47
9,19,21,30,38,40
14,16,18,19,34,40
4,17,27,33,34,45
13,41,42,45,46,49
11,15,24,30,31,33
6,9,17,33,43,45
7,9,17,27,31,48
5,7,12,37,39,46
17,30,37,41,43,48
17,25,40,42,45,49
3,5,33,40,45,46
3,9,11,28,29,47
4,9,10,19,26,36
14,25,26,33,36,44
26,30,32,37,41,47
3,19,29,34,38,45
15,17,21,22,43,45
9,23,29,38,39,43
9,11,36,38,46,47
12,13,14,32,41,43
9,13,27,28,38,42
5,10,23,36,40,44
5,12,25,34,35,45
6,9,17,18,20,39
1,2,4,18,28,35
19,20,22,24,38,42
5,7,8,12,23,28
6,20,31,36,38,44
9,17,19,22,29,37
4,20,21,27,42,47
1,27,31,33,35,47
12,19,32,34,39,43
1,12,13,28,32,44
1,16,17,24,31,32
2,11,25,27,40,44
2,8,11,24,30,36
3,12,14,30,33,40
11,16,20,25,46,48
16,17,19,27,30,37
11,18,20,27,39,46
9,15,26,28,33,39
1,31,38,43,45,46
19,20,23,39,40,43
3,5,7,10,30,43
3,6,25,26,42,44
11,17,29,34,37,45
7,8,18,29,34,44
5,9,15,21,42,43
2,19,25,30,41,45
9,11,12,22,37,48
5,6,11,17,29,37
3,10,17,22,24,40
1,14,23,25,30,41
7,18,22,30,36,43
14,19,20,21,24,28
2,3,13,17,23,32
3,15,24,36,42,47
1,3,19,27,30,48
3,8,15,32,46,48
3,5,9,31,40,41
5,17,29,31,33,46
9,23,27,31,35,48
8,21,25,35,40,41
5,10,13,19,22,47
1,11,22,27,33,49
6,8,13,24,34,46
15,26,29,41,46,48
6,33,39,41,42,44
1,11,15,33,36,49
16,19,29,35,36,38
12,14,16,23,24,45
14,22,27,32,40,47
5,19,26,29,40,42
5,13,15,28,31,34
1,7,18,23,29,43
7,9,22,23,37,42
7,8,18,23,47,48
8,9,21,34,42,43
4,22,25,27,39,45
7,15,34,38,43,45
4,22,24,32,42,43
10,24,25,30,40,48
10,19,27,29,33,36
2,6,12,17,39,47
2,11,16,18,21,33
19,20,22,28,40,42
1,18,27,28,43,47
9,25,42,43,46,47
14,17,22,32,36,49
18,21,25,34,36,45
9,10,22,38,43,44
4,12,21,26,43,46
18,21,25,26,32,48
12,15,29,30,45,47
4,8,14,26,29,43
2,5,13,18,29,42
3,13,17,26,33,35
1,20,27,42,46,48
4,15,21,31,41,49
2,8,12,18,24,35
2,7,21,33,39,46
1,21,29,42,45,47
2,3,6,7,18,36
10,13,31,43,47,48
2,3,4,18,28,43
18,30,31,32,43,44
1,8,18,31,34,37
10,17,19,20,25,35
14,27,34,38,44,45
3,6,9,10,13,20
25,26,34,36,43,46
8,9,15,22,26,39
4,19,20,35,41,46
8,12,15,23,28,39
1,7,13,30,34,36
13,17,18,28,37,44
7,9,22,35,40,47
1,7,8,33,40,44
3,27,31,34,35,40
2,4,6,11,37,47
11,17,22,26,43,48
1,5,14,15,20,43
7,14,20,30,35,36
1,2,6,24,40,47
16,29,34,40,46,48
4,15,21,29,30,35
7,28,38,39,44,48
4,7,16,36,39,40
3,11,13,28,40,47
7,18,20,26,28,31
4,6,16,38,44,45
12,14,20,23,43,47
2,17,24,26,35,47
3,11,12,17,29,41
2,4,9,31,36,40
17,26,30,34,43,48
1,18,26,34,42,48
3,8,29,40,43,44
1,11,14,18,20,38
3,5,24,26,33,46
15,27,35,38,44,46
19,35,36,39,44,48
18,20,27,32,34,36
7,22,35,36,41,49
3,8,12,36,40,47
1,6,25,31,33,43
15,23,38,39,44,49
1,10,30,37,44,49
9,33,36,40,46,47
1,4,14,20,41,44
13,15,24,34,42,47
4,8,9,26,34,43
12,28,31,34,36,42
2,6,8,15,24,44
7,8,12,37,46,48
1,2,9,15,20,38
2,12,19,38,43,48
3,4,15,18,34,47
20,29,38,39,42,46
5,10,34,35,36,45
12,15,18,23,24,46
2,10,20,25,44,48
8,22,41,43,48,49
25,27,28,36,37,40
10,21,23,28,31,39
1,5,7,10,26,49
19,27,29,30,40,45
3,10,16,36,39,46
9,26,28,30,37,41
2,4,8,15,22,49
1,5,13,22,28,43
9,11,27,33,40,42
4,14,24,27,30,40
2,16,21,22,28,47
13,16,18,27,43,45
11,28,33,37,40,46
14,20,22,41,43,49
4,7,13,25,37,45
2,7,21,43,44,46
2,11,20,29,30,48
6,7,10,11,14,47
2,8,10,14,31,39
3,4,8,12,24,28
2,8,12,15,28,49
6,16,23,31,34,39
4,14,39,42,46,48
3,19,29,34,35,36
2,24,33,34,36,37
5,16,17,31,38,45
1,14,16,18,38,49
12,13,16,20,24,26
12,21,23,26,34,47
6,18,23,24,28,46
2,14,23,36,46,47
10,14,20,28,32,40
7,11,24,29,32,36
5,6,14,29,33,47
5,6,13,22,29,46
4,8,11,21,27,48
2,8,19,31,43,48
12,13,30,31,44,49
6,7,16,25,40,48
20,24,26,27,33,41
21,29,32,38,40,42
7,10,15,19,24,29
7,9,11,26,35,48
1,2,12,30,37,43
1,3,4,11,34,40
1,14,26,30,33,38
5,8,13,37,40,43
7,19,21,30,36,44
10,11,26,34,40,44
26,29,35,45,48,49
1,17,19,22,36,44
12,14,15,27,28,39
2,5,32,34,38,49
5,13,21,30,37,46
1,2,12,16,28,41
5,9,26,28,32,41
15,17,25,36,38,45
4,6,11,25,30,44
18,22,26,29,35,37
9,14,17,32,39,49
1,6,29,34,41,46
1,5,29,43,44,48
7,9,33,35,45,47
15,23,24,28,30,41
8,23,29,34,40,47
3,11,12,25,32,38
3,24,27,29,32,45
2,6,17,34,46,48
1,5,18,19,24,28
5,17,22,34,40,47
6,8,19,27,45,46
8,20,22,24,33,44
16,18,21,22,32,33
7,15,29,33,40,45
2,20,30,43,44,47
5,24,31,37,38,47
4,6,7,18,46,47
5,7,18,30,37,46
1,25,32,33,34,35
15,21,31,36,44,49
8,10,15,16,31,46
5,7,9,25,28,48
8,18,21,26,42,48
4,12,40,43,48,49
6,9,14,29,34,45
3,17,20,30,32,35
6,7,19,29,43,47
5,12,31,35,37,46
4,20,28,33,43,48
5,13,15,20,24,42
7,32,37,38,44,45
11,17,29,39,41,48
3,7,16,26,38,47
6,12,15,25,31,47
6,16,20,29,33,45
14,18,22,23,31,45
18,19,29,33,40,47
17,20,23,30,40,47
3,9,24,37,46,49
7,8,21,22,27,29
1,11,29,30,42,44
12,22,25,34,39,40
10,14,15,27,41,47
7,9,19,20,25,44
5,8,12,14,25,37
4,15,26,37,41,45
4,6,9,13,46,48
4,8,13,21,29,35
14,21,26,33,35,46
4,13,33,36,41,47
2,7,15,36,37,49
11,22,26,35,41,46
4,6,12,18,41,48
6,13,23,26,33,34
4,16,27,31,37,38
5,7,10,13,27,29
5,6,13,16,27,30
11,15,17,19,32,39
12,16,20,29,36,47
2,6,19,27,35,47
7,14,20,23,38,46
3,6,37,38,45,47
13,15,16,18,26,33
11,27,41,45,46,49
1,15,24,34,40,48
12,21,26,37,43,49
6,11,13,30,31,37
1,6,23,35,36,39
3,5,11,34,38,47
7,8,16,37,43,44
1,11,17,41,42,45
3,28,29,32,37,45
3,11,18,34,37,41
6,9,21,25,27,32
1,10,14,16,25,39
10,25,26,38,46,49
11,17,26,31,40,44
8,13,16,19,33,49
8,9,22,29,37,49
8,18,29,31,41,43
5,6,13,34,35,43
2,23,28,43,47,49
3,4,41,44,45,48
18,27,33,34,44,47
9,10,13,23,28,29
2,16,25,34,37,48
3,5,7,25,40,47
13,17,26,27,29,45
3,11,27,31,33,35
7,21,31,38,42,48
2,13,14,24,29,42
5,7,10,30,34,35
5,14,17,25,34,44
4,18,20,31,39,48
5,12,21,28,30,45
5,9,17,31,37,44
13,14,17,20,39,40
9,13,24,36,44,45
2,6,13,20,42,48
13,16,18,21,32,33
1,7,12,24,44,49
2,12,25,40,41,47
1,7,26,40,43,45
3,8,17,20,26,47
3,14,20,23,25,45
1,20,23,36,38,49
8,22,37,38,45,47
3,14,26,27,35,44
4,10,14,19,21,28
1,5,12,17,31,44
21,22,26,27,40,47
4,5,26,33,38,44
1,9,25,27,37,40
3,15,17,26,27,46
1,2,7,16,43,44
12,17,25,26,43,44
2,17,35,41,46,48
9,27,32,38,39,49
2,23,25,33,34,41
9,13,21,25,38,41
5,15,19,24,26,46
7,19,31,43,45,49
2,3,17,18,19,46
3,17,22,25,40,46
1,10,18,20,30,40
20,33,36,45,46,47
9,12,14,19,31,43
11,13,18,20,24,29
12,24,32,36,39,47
4,6,15,22,23,27
16,30,36,39,45,47
8,21,24,26,34,38
5,13,16,20,28,31
4,7,24,39,43,44
1,10,26,29,40,45
21,24,30,32,40,41
5,16,24,26,46,48
1,11,12,15,32,46
14,35,37,44,46,48
24,29,30,31,34,46
1,4,20,21,26,43
12,13,17,26,43,45
7,23,24,27,41,42
4,10,28,29,30,46
4,22,30,39,46,47
1,33,40,41,45,48
4,6,15,22,27,40
1,7,8,10,18,36
2,21,31,32,41,49
1,11,14,20,31,40
2,7,26,35,39,43
4,26,30,31,48,49
7,19,32,35,36,43
10,18,23,26,41,43
19,21,24,25,45,46
6,13,17,19,24,29
4,8,25,29,36,37
3,21,31,40,43,49
6,7,9,11,30,43
3,12,23,30,36,37
4,16,18,28,30,38
13,29,31,36,37,42
3,4,13,21,27,29
28,30,31,37,39,46
9,16,22,23,33,45
17,19,23,24,28,38
1,2,21,30,31,38
2,4,5,44,46,47
10,26,37,40,42,47
7,10,21,29,32,43
1,3,15,16,22,39
7,11,15,39,42,48
13,30,32,33,42,46
15,17,20,21,44,47
10,12,14,27,34,36
4,9,14,27,35,48
20,26,29,31,40,49
16,23,33,35,43,49
6,15,22,30,31,48
1,3,11,40,42,48
2,3,13,14,31,36
1,8,13,24,27,43
29,30,33,34,37,46
18,26,29,39,43,45
10,18,19,37,43,48
1,6,16,34,37,41
2,9,19,33,35,45
4,6,7,17,31,36
13,24,30,41,43,47
28,30,38,44,45,48
15,17,19,20,35,38
12,15,30,38,47,48
4,23,26,35,36,40
16,24,26,30,39,42
5,11,25,28,35,49
2,9,40,43,47,48
1,17,32,35,38,48
3,18,27,32,37,40
11,17,35,38,43,47
4,13,16,32,35,37
6,11,21,37,40,46
10,16,17,34,40,47
1,2,30,36,42,43
3,15,18,19,32,48
1,13,21,34,36,42
1,8,27,33,34,42
2,5,18,21,34,43
8,10,33,41,42,45
8,9,13,17,34,44
4,24,26,37,41,43
2,6,7,13,31,36
11,17,26,31,46,48
10,15,21,23,28,37
5,12,16,26,37,43
4,5,17,18,34,38
12,16,27,35,39,41
5,8,10,32,48,49
4,12,22,37,43,49
3,16,19,22,23,25
6,12,20,21,24,43
4,10,11,18,23,34
6,7,8,30,34,43
8,10,18,19,25,41
2,9,12,30,35,46
1,14,32,33,37,40
2,19,27,32,41,43
7,10,24,27,30,47
4,12,24,25,38,41
7,8,24,28,29,40
7,10,11,47,48,49
11,12,23,29,30,40
2,11,16,31,33,41
8,9,12,20,45,48
18,19,23,29,33,45
9,14,17,22,26,46
10,11,18,21,32,42
12,19,23,24,29,44
6,26,28,30,33,34
9,10,16,18,20,49
5,11,20,23,27,28
2,5,6,12,19,36
1,21,23,27,40,45
10,12,16,21,29,48
6,12,17,28,37,46
3,14,25,29,33,42
11,16,18,19,21,23
3,8,20,22,38,49
3,4,11,28,30,45
7,10,13,33,39,42
5,6,7,36,38,46
9,10,13,30,33,39
2,10,11,17,26,44
19,42,43,44,46,47
2,18,22,38,39,44
5,7,23,25,31,49
3,8,10,23,26,28
1,7,8,14,32,33
14,22,23,32,43,49
2,7,22,27,45,48
12,22,25,30,33,38
8,19,22,30,34,47
10,16,21,29,38,45
4,5,6,10,23,35
6,22,28,36,41,48
4,10,16,22,39,42
10,17,21,40,44,45
4,7,24,27,28,41
4,14,17,23,26,38
3,22,25,32,36,41
2,32,39,42,45,46
1,18,30,33,36,47
8,12,22,37,42,46
2,3,16,37,45,49
6,8,26,33,35,42
2,6,18,25,30,32
4,7,13,33,40,47
15,17,24,26,34,35
15,20,32,39,40,47
4,11,21,27,38,41
9,14,19,23,43,45
1,12,15,16,21,35
5,13,15,17,24,27
11,15,23,34,35,36
1,20,31,32,45,46
11,19,33,35,39,40
3,21,25,26,31,40
5,11,20,30,37,43
4,14,19,25,26,49
9,13,14,40,43,49
4,30,39,42,45,46
7,30,36,39,42,49
1,14,24,30,35,45
11,14,36,40,43,45
1,6,8,11,23,46
4,6,10,17,33,49
15,21,31,35,41,46
5,18,22,28,29,32
16,19,21,25,35,45
2,8,12,19,23,41
6,18,23,37,40,45
4,19,24,31,35,43
4,13,18,19,42,43
4,9,25,27,31,33
16,17,18,23,28,33
6,7,10,29,42,44
10,13,31,33,34,35
6,21,33,42,43,46
5,20,28,30,41,42
12,35,36,43,44,45
11,29,35,36,44,48
3,8,9,20,22,35
3,5,10,21,30,37
7,14,20,21,42,45
9,19,22,33,37,46
2,12,14,41,42,43
2,16,17,29,39,41
19,29,33,40,46,48
5,21,29,30,36,45
12,13,15,32,40,43
17,20,24,28,31,41
8,26,31,35,36,47
7,9,13,23,26,47
9,15,22,33,38,48
7,28,35,40,42,48
11,15,18,33,42,49
12,13,19,20,21,29
2,7,15,23,25,45
1,6,31,37,44,45
8,12,17,23,36,38
17,23,24,33,35,41
1,14,23,35,47,49
4,6,8,12,34,38
10,19,20,35,36,38
1,6,8,10,15,20
11,14,15,29,31,47
2,3,9,21,26,29
3,7,16,18,29,49
21,22,23,24,48,49
1,25,35,36,37,44
4,29,35,40,43,45
1,17,24,29,34,46
6,28,30,31,34,48
3,17,36,44,45,48
2,10,11,16,42,43
9,19,20,24,36,48
15,18,22,31,43,49
1,15,18,19,29,37
9,15,18,34,35,45
11,14,34,40,42,43
8,20,21,27,36,48
11,12,14,27,34,48
18,23,32,34,41,46
10,11,36,38,46,48
11,14,20,25,31,36
4,17,34,39,41,46
2,20,26,29,37,45
3,5,19,20,34,47
11,19,36,41,46,49
2,21,22,29,34,35
11,14,29,33,42,44
6,26,30,38,44,45
13,17,21,33,41,42
8,13,21,22,24,39
2,6,9,20,43,44
3,7,15,38,43,47
13,16,21,42,46,49
6,26,27,33,41,42
2,13,19,25,30,32
13,15,28,29,33,47
3,10,21,23,33,44
3,4,8,25,41,48
9,10,19,43,47,49
4,7,16,23,27,39
1,9,10,24,32,35
1,9,15,26,29,32
3,9,10,14,17,19
3,8,20,26,37,46
13,22,31,32,34,48
19,30,32,33,38,41
5,13,14,29,39,40
10,30,41,43,45,47
6,11,19,20,32,39
15,23,38,40,41,49
1,10,18,24,31,46
12,13,22,26,37,45
15,20,33,37,39,45
8,12,24,30,34,35
9,14,22,45,47,49
6,18,25,34,45,49
2,4,25,29,41,43
9,33,37,38,42,49
1,10,26,38,39,47
2,18,24,25,30,40
6,23,30,33,37,41
3,4,20,38,42,48
3,5,6,7,26,40
5,8,34,37,44,47
1,11,22,25,39,41
3,8,14,28,31,39
1,18,20,23,41,47
5,9,14,31,37,46
8,32,33,43,46,49
2,6,12,18,22,29
4,11,18,20,29,44
8,11,22,27,33,36
7,22,24,30,38,46
2,9,12,29,33,37
4,6,19,22,23,45
4,5,12,24,38,45
10,14,18,40,45,49
4,14,17,20,38,48
19,20,33,43,45,47
9,16,19,41,46,49
1,2,3,19,25,41
5,7,9,30,39,40
24,40,45,47,48,49
6,11,20,26,34,35
6,9,17,20,22,40
2,6,9,11,14,37
10,13,24,27,37,39
4,8,11,27,37,47
8,13,23,37,41,42
10,24,35,40,41,45
13,20,31,36,43,46
5,6,17,21,31,46
4,6,15,33,38,40
3,6,12,15,43,44
3,21,27,37,43,44
7,9,21,29,31,47
9,18,28,37,42,49
12,19,22,34,46,47
13,21,23,27,28,34
3,7,26,30,33,46
1,13,19,26,32,46
7,20,24,25,29,45
4,9,16,32,37,41
5,16,21,25,40,48
10,12,23,26,35,37
6,10,21,24,38,48
6,15,22,26,41,49
14,22,25,30,44,48
17,29,33,43,45,49
3,6,12,19,24,29
3,19,20,23,35,38
22,24,32,33,37,41
1,23,26,28,33,40
11,17,27,32,39,49
5,7,13,27,45,47
11,14,31,33,37,45
8,16,33,37,40,42
4,13,19,23,33,48
6,17,29,32,36,47
3,16,20,27,34,35
8,16,19,32,40,46
2,11,24,31,39,49
10,20,25,41,44,46
2,10,19,36,40,48
3,15,31,33,43,48
4,7,13,41,44,47
7,20,24,37,43,49
7,14,17,19,34,37
6,12,25,43,45,47
20,25,26,39,42,44
10,19,25,31,37,40
4,14,21,29,36,41
10,27,33,38,40,49
2,3,18,31,38,46
9,10,22,29,38,41
8,11,12,18,40,42
1,5,17,32,39,45
7,21,23,37,43,48
9,17,18,20,41,49
2,15,28,41,42,46
1,17,23,34,37,49
3,16,22,27,28,32
2,12,32,34,38,48
2,7,18,32,36,43
9,19,31,35,39,42
7,21,22,24,30,31
11,17,18,28,31,46
17,18,20,22,25,36
3,8,16,20,24,25
10,11,16,21,24,38
9,39,40,43,46,48
5,17,24,36,41,49
5,8,12,15,39,47
21,25,32,35,40,47
9,19,26,29,39,45
3,17,18,24,31,32
5,15,30,35,41,48
9,37,39,45,47,48
1,26,30,32,39,47
12,24,33,36,39,45
7,8,13,26,32,35
8,9,31,42,45,49
12,13,17,34,40,47
2,8,23,25,33,48
8,23,33,40,46,49
4,12,24,25,37,49
3,13,14,17,20,42
3,15,24,25,40,44
14,17,27,41,47,48
2,10,13,15,28,41
1,10,25,27,30,36
7,13,27,37,40,46
16,21,31,40,43,45
1,2,23,29,30,42
2,9,11,22,35,45
6,24,31,32,34,39
3,11,32,34,44,48
6,9,15,32,37,48
8,17,30,36,40,47
8,10,12,14,31,39
7,13,16,24,35,42
4,6,7,16,32,45
3,22,25,36,39,40
5,22,25,30,45,46
3,10,32,43,44,46
7,15,34,39,41,49
13,18,22,29,37,49
6,10,13,20,32,37
1,5,11,37,44,47
1,20,21,23,40,41
7,11,13,34,46,47
2,4,11,30,34,47
3,17,26,33,39,46
14,24,26,29,41,46
19,29,33,35,44,49
1,6,8,38,39,40
4,14,20,31,32,42
2,4,17,33,36,45
3,7,9,28,31,43
17,20,33,35,37,40
11,12,13,16,46,48
3,11,22,29,41,44
3,9,11,19,30,39
23,40,41,42,44,45
5,6,10,25,36,38
1,6,15,27,33,40
4,7,10,12,26,33
2,5,8,20,21,33
16,18,21,27,36,43
20,21,22,29,39,41
1,13,23,35,38,42
13,25,34,35,47,48
5,27,30,32,46,49
12,24,25,29,41,45
1,2,18,38,42,45
3,6,19,23,39,43
3,6,15,27,40,44
13,22,29,33,46,49
13,15,17,26,34,48
9,20,22,28,35,42
5,21,35,38,47,48
3,4,7,19,28,32
3,16,22,39,42,49
3,4,22,23,26,28
2,9,11,22,34,35
5,21,25,32,33,41
27,29,33,36,46,48
2,24,33,35,44,48
6,9,14,18,42,44
2,12,31,40,44,45
6,7,14,16,17,27
1,23,29,34,37,45
4,16,20,23,28,44
12,18,19,35,42,43
2,7,8,32,43,49
2,25,28,40,45,46
15,18,19,21,24,35
3,10,16,17,25,39
10,20,28,36,40,46
7,9,25,35,40,48
2,6,20,23,38,45
3,10,21,26,38,43
2,9,26,44,47,49
10,18,22,26,34,38
1,34,37,39,40,42
1,16,28,29,39,45
12,16,19,32,42,49
3,6,9,27,28,36
3,7,13,30,38,46
2,12,25,28,35,48
2,26,29,36,37,45
5,21,28,32,43,46
2,5,9,17,32,35
2,15,25,31,38,49
5,18,20,26,37,39
7,9,17,23,27,32
2,10,24,31,33,49
10,27,36,40,42,43
11,19,29,33,44,46
2,8,22,29,34,48
12,19,23,25,36,46
4,13,19,32,40,45
7,8,23,38,39,45
7,9,15,21,38,40
11,13,26,32,34,44
8,9,12,20,42,45
4,9,25,26,41,46
1,3,26,33,42,46
18,25,33,40,42,49
4,13,17,27,35,45
2,3,19,28,36,45
12,30,34,38,39,43
8,9,12,16,19,21
24,28,34,38,44,45
9,21,28,37,44,49
11,33,34,42,43,48
9,12,16,26,30,37
2,8,12,22,36,37
4,8,29,37,40,48
6,12,18,27,42,43
4,15,34,36,43,47
11,18,22,28,30,49
4,7,8,10,47,48
11,12,29,32,35,43
6,10,20,23,45,47
5,7,23,33,37,38
4,13,17,25,36,48
10,13,19,35,39,41
11,17,18,25,27,34
20,35,36,37,39,49
8,12,20,28,39,47
8,32,34,39,43,48
9,13,20,29,45,46
1,6,20,22,24,46
14,15,20,28,34,39
15,16,22,31,43,44
14,20,24,30,34,37
1,6,17,19,41,42
16,25,29,37,45,49
11,17,34,37,41,49
11,20,33,34,37,39
5,11,26,31,36,39
2,8,26,46,48,49
7,15,23,25,27,40
8,12,14,22,29,49
2,18,20,23,24,48
4,11,13,16,41,45
11,27,29,33,34,44
14,19,34,37,39,42
9,16,34,42,44,48
6,10,33,39,40,48
4,6,24,32,46,48
17,20,22,37,40,48
2,5,13,24,35,43
5,6,7,11,17,34
6,13,23,34,41,43
4,5,21,33,42,47
10,12,21,38,41,42
1,11,17,29,31,46
8,20,22,29,33,49
8,15,17,22,30,40
1,4,9,20,30,44
14,19,23,31,34,39
6,10,24,28,31,46
16,17,23,27,30,45
4,22,26,29,39,48
7,8,15,24,27,32
3,4,24,26,29,49
1,7,19,21,39,45
5,6,14,30,38,39
11,12,18,21,30,37
9,27,28,40,45,48
1,15,20,30,41,48
4,5,8,15,19,40
4,5,19,28,31,38
13,19,23,33,38,48
5,15,28,31,32,45
2,5,19,26,29,31
1,14,23,27,32,44
12,32,35,36,37,46
9,11,18,23,29,40
3,5,16,26,40,45
2,4,15,39,45,49
8,14,24,36,40,42
10,19,29,32,38,44
3,23,29,37,44,45
13,14,24,31,40,48
2,5,12,31,34,48
11,22,31,32,40,49
7,10,31,32,42,47
5,6,15,31,38,39
5,6,22,23,25,27
15,19,23,38,43,49
4,6,9,29,33,49
9,10,26,29,32,37
4,6,9,30,33,49
12,13,27,32,45,46
3,6,17,27,28,44
3,12,13,36,46,48
6,17,36,41,42,49
1,7,23,29,30,33
4,8,11,12,34,43
5,6,14,18,30,35
4,10,29,33,39,46
14,19,27,32,45,49
2,4,12,24,36,38
5,11,12,22,23,26
4,17,19,22,24,46
8,17,24,34,42,46
2,11,29,32,48,49
5,13,25,34,36,46
18,26,32,34,43,44
5,24,31,34,35,44
2,7,8,18,20,37
12,15,18,25,29,32
1,19,23,24,25,43
1,9,19,25,31,41
2,4,13,24,30,42
18,25,35,43,46,47
5,10,16,19,33,47
17,26,27,28,33,49
2,4,24,25,47,48
8,10,14,22,28,29
1,15,17,26,28,38
16,20,26,31,38,49
4,22,23,46,48,49
12,15,19,41,42,49
1,5,9,11,22,38
5,14,34,38,40,43
5,9,23,30,34,36
16,22,25,33,39,48
10,12,15,23,26,44
7,9,10,27,28,40
26,28,30,39,40,48
12,21,25,30,41,43
13,17,25,40,45,47
29,35,36,38,41,43
14,17,19,21,40,42
2,31,32,34,40,49
9,24,29,35,37,40
4,12,14,15,21,23
13,24,30,32,37,48
1,9,23,28,37,39
14,16,34,41,45,49
13,15,18,20,23,26
4,13,18,21,22,42
4,6,14,23,25,36
10,19,23,24,33,38
7,9,14,24,25,44
8,12,28,30,38,48
3,13,15,28,41,47
5,6,21,38,42,45
9,11,15,34,35,42
5,19,27,32,44,46
2,4,9,22,43,44
27,28,33,37,48,49
1,2,13,17,24,39
3,10,13,22,34,43
7,9,23,25,27,41
9,12,20,28,33,46
4,11,12,25,42,43
12,19,22,36,40,46
3,10,14,36,38,40
6,24,27,34,36,42
4,7,10,22,25,33
12,13,15,31,47,49
4,10,21,39,45,48
8,9,20,26,28,29
3,5,8,15,33,35
27,28,35,40,43,48
7,8,19,23,30,46
12,13,33,43,46,49
18,32,40,41,47,49
15,19,30,31,34,37
30,31,32,34,36,49
12,13,25,30,37,41
3,11,14,20,41,47
2,5,9,20,25,32
11,18,27,29,32,39
16,18,21,36,46,48
1,10,16,25,36,38
4,14,24,26,34,43
9,12,19,29,38,47
3,8,18,34,44,49
13,14,16,28,34,42
4,17,20,31,36,40
24,26,28,37,43,48
13,14,15,17,28,36
3,6,26,32,43,49
2,15,27,30,34,36
1,35,38,40,47,48
5,8,13,22,35,40
10,14,18,41,42,47
3,10,12,20,26,27
9,20,22,23,26,44
3,7,12,25,28,37
7,10,15,26,36,41
5,8,20,26,31,36
1,4,7,25,30,45
13,32,35,39,46,48
11,13,17,18,20,45
4,6,11,45,46,47
3,9,11,13,27,45
6,11,21,26,34,41
1,14,17,19,40,42
13,19,29,30,33,49
7,11,15,30,31,45
1,7,19,31,35,44
7,13,18,23,26,27
10,20,24,32,37,47
1,8,15,36,38,49
2,3,23,29,34,36
20,28,32,36,42,46
9,10,14,15,19,29
2,13,21,22,40,44
2,16,20,23,33,43
10,15,24,29,35,38
10,11,16,19,28,40
2,20,29,33,40,44
4,5,17,30,36,38
5,15,27,35,38,47
3,12,14,16,29,38
1,10,13,23,41,43
5,11,26,28,35,46
4,13,23,24,37,47
2,11,12,29,40,42
9,12,16,24,25,38
1,6,7,8,22,46
2,7,13,17,27,41
1,5,8,11,29,33
5,7,13,33,37,39
3,5,10,11,35,45
2,12,23,26,27,31
6,11,19,21,39,49
8,15,39,44,45,49
1,3,8,12,32,47
5,6,11,16,24,40
4,9,15,27,28,46
10,15,35,42,44,47
7,13,18,21,23,24
4,5,9,12,33,36
4,6,22,24,31,40
3,4,16,35,40,44
4,11,18,27,28,46
20,25,32,39,40,44
17,19,21,33,34,46
3,15,22,31,43,47
10,15,29,30,44,45
10,16,20,26,34,48
5,6,15,24,35,48
3,16,17,31,33,46
27,28,31,41,42,43
19,21,27,33,36,38
4,7,18,21,41,46
6,9,17,23,26,36
1,3,15,19,36,37
7,25,28,31,36,45
5,10,11,21,24,43
4,6,21,22,42,43
8,15,17,29,36,44
16,21,26,28,45,46
1,3,23,26,35,38
17,23,24,40,45,48
3,8,15,20,26,45
5,7,11,12,33,39
12,15,33,34,38,43
1,8,18,27,35,45
3,8,31,42,44,48
1,6,7,24,30,48
8,9,26,39,46,47
2,23,24,27,36,48
14,20,30,34,37,45
12,29,30,36,39,45
1,39,42,45,48,49
7,8,17,22,24,30
5,32,37,38,39,42
11,13,17,21,43,49
18,23,27,44,46,47
19,20,27,29,33,45
7,10,21,22,38,39
6,7,8,9,20,28
2,4,22,25,28,31
4,9,14,21,34,45
5,7,16,27,37,49
4,17,23,31,45,48
3,15,23,33,39,47
2,16,30,41,44,48
14,25,31,36,44,47
4,7,23,31,33,36
2,8,28,29,34,44
2,12,23,35,39,49
2,21,23,30,34,42
3,5,11,23,33,34
2,3,15,23,41,46
6,7,10,19,21,45
6,17,21,28,31,38
9,21,28,31,34,37
9,18,24,27,29,43
28,35,42,45,46,49
7,18,23,24,27,32
6,11,18,20,21,34
12,15,18,29,33,46
11,14,19,20,21,47
11,16,25,35,38,41
14,15,25,32,41,42
10,15,29,32,34,40
17,18,25,31,42,49
12,26,28,31,33,45
15,17,19,23,27,38
1,23,30,38,45,48
3,8,15,16,20,46
2,14,29,32,41,44
8,15,24,25,30,35
12,19,22,26,44,47
7,10,13,19,26,29
7,11,12,16,30,41
7,13,14,16,22,48
9,23,29,42,43,47
6,7,12,20,38,40
10,15,16,18,23,26
14,24,27,36,39,42
4,13,15,20,26,41
9,14,17,20,44,45
5,7,11,17,24,48
8,18,20,30,32,46
10,17,20,41,46,48
1,2,38,39,40,49
5,22,23,40,44,48
5,8,13,16,40,49
16,21,24,31,35,39
3,22,32,40,45,48
14,18,22,34,36,43
12,30,36,37,40,48
3,4,20,34,39,48
15,25,28,32,35,42
3,4,14,18,28,31
10,13,15,30,34,44
2,18,23,35,47,48
12,15,23,36,43,47
8,24,34,38,41,42
6,8,24,27,31,41
3,7,15,35,36,40
13,20,22,29,32,33
3,5,24,27,38,46
12,16,19,34,41,47
1,18,25,26,36,39
1,22,28,38,47,48
2,11,21,28,31,44
1,8,11,21,24,41
6,8,11,25,28,45
9,10,11,18,39,45
1,3,7,11,38,40
4,7,10,27,37,49
9,11,31,34,48,49
2,12,20,35,41,49
5,6,17,39,44,48
2,7,9,18,23,38
8,10,12,22,26,28
7,22,23,26,40,48
6,13,19,32,43,44
3,19,21,41,43,47
4,12,14,21,22,37
1,12,22,35,42,44
2,22,30,33,35,42
5,6,8,9,11,40
9,19,20,31,41,45
5,8,15,16,41,46
19,29,32,40,43,46
5,7,39,41,45,46
8,16,24,28,44,45
1,11,23,27,28,44
4,17,25,26,39,49
3,7,18,26,36,42
11,21,33,38,40,48
6,9,11,12,19,20
7,8,22,36,42,46
14,27,37,39,43,45
1,2,9,15,17,37
18,21,27,34,39,45
6,12,17,23,29,36
23,27,32,37,38,45
9,11,21,24,39,43
6,9,14,18,23,33
11,20,23,28,40,45
11,30,39,40,41,42
3,29,31,32,34,48
5,10,12,18,25,45
3,8,17,32,40,47
8,14,20,26,31,49
33,35,36,39,48,49
12,15,34,44,45,47
7,13,14,16,21,24
18,23,25,26,45,48
2,13,16,32,39,44
1,2,16,24,36,49
14,16,18,20,26,47
6,10,11,16,32,36
2,8,10,20,28,38
15,18,26,33,36,39
9,21,22,42,44,48
18,19,33,40,44,47
5,6,30,32,45,46
2,6,15,19,24,38
4,5,10,34,37,45
2,3,12,15,19,49
14,17,21,27,37,46
2,3,7,13,32,40
23,31,33,38,46,49
2,21,36,37,45,47
7,26,41,43,44,48
16,22,27,29,44,46
16,17,20,29,31,43
7,22,27,29,33,39
12,13,15,16,28,41
19,20,24,36,47,48
5,28,34,35,38,49
8,21,22,26,30,39
7,16,36,40,42,44
1,12,27,33,46,49
5,8,16,26,36,42
8,18,29,37,38,44
5,13,26,28,41,47
12,19,30,36,43,47
1,12,20,28,41,43
7,11,15,22,37,44
5,7,9,23,28,38
6,7,19,27,38,40
8,14,15,35,37,40
1,8,19,26,37,44
4,16,21,22,31,37
6,11,12,31,42,44
4,14,17,22,28,32
1,6,10,26,31,38
2,3,15,17,25,42
4,18,27,28,31,33
8,13,17,32,44,48
12,19,28,34,36,41
2,3,4,13,42,48
12,21,24,34,42,47
28,38,39,43,45,48
4,10,19,24,32,35
13,16,17,27,42,45
9,12,24,28,35,43
27,29,31,35,36,37
12,22,31,32,35,47
17,24,32,39,44,48
6,12,14,42,46,47
8,32,33,36,40,47
15,20,22,25,27,41
3,20,27,29,38,44
5,8,14,18,43,49
13,17,22,29,36,45
1,11,12,17,32,40
11,21,35,37,46,47
1,20,27,36,40,42
6,10,22,30,35,49
1,14,17,29,36,37
3,8,23,25,29,47
6,8,18,20,40,42
17,20,22,35,38,48
1,6,12,19,24,31
7,14,15,23,35,37
9,13,19,32,41,49
4,12,17,18,34,44
3,5,8,14,24,34
2,5,20,30,39,45
3,5,20,30,34,47
15,21,23,26,28,48
6,7,31,38,44,48
1,4,6,24,26,29
5,10,29,33,36,46
3,29,33,36,39,45
8,11,21,23,42,44
9,10,12,19,24,31
6,18,26,29,45,49
7,9,18,22,28,38
4,24,28,36,37,45
4,19,22,24,32,33
6,11,13,25,31,47
2,5,9,13,22,38
2,9,10,13,21,29
2,7,18,20,41,48
3,26,31,33,45,48
5,15,20,25,28,33
20,24,27,40,44,45
8,22,37,40,41,44
6,14,26,27,34,46
4,20,22,23,42,44
13,14,21,24,32,35
9,10,11,24,34,42
11,15,16,17,31,40
4,8,17,23,34,47
9,22,34,35,46,47
20,36,42,43,45,48
6,22,23,41,44,49
15,20,29,36,38,42
3,4,20,31,41,48
10,16,21,31,33,36
6,32,35,36,40,45
3,6,13,29,36,38
7,22,28,32,34,38
4,26,34,38,41,46
2,12,22,42,43,46
6,7,24,27,28,46
11,22,36,37,43,48
1,13,16,30,33,48
8,10,14,16,18,35
3,5,26,27,37,39
1,26,33,36,45,48
10,14,15,39,43,49
24,29,34,36,41,42
14,17,33,34,43,44
6,16,29,30,33,36
14,21,27,34,37,38
1,4,6,13,20,44
2,5,16,25,30,40
23,27,35,40,43,44
1,14,21,23,29,46
4,15,22,27,29,31
1,8,13,32,38,43
4,18,23,25,39,43
6,7,9,15,17,48
7,17,30,33,42,49
9,25,36,41,44,45
17,18,21,25,35,47
2,24,28,30,32,40
3,5,13,33,34,44
10,15,16,38,44,48
23,31,41,45,46,49
5,14,20,28,33,46
4,12,19,21,26,41
2,15,22,24,39,46
11,15,19,25,34,39
1,2,16,21,47,49
6,29,31,33,40,43
1,5,14,27,30,41
15,18,24,28,29,49
1,4,11,16,26,46
4,14,16,25,45,47
9,14,24,43,45,46
1,2,7,10,33,38
2,8,11,26,27,33
26,30,34,35,38,41
20,26,27,32,36,46
11,19,27,28,30,39
1,9,12,29,30,42
2,10,17,19,44,47
18,25,26,41,45,49
1,10,11,19,21,41
10,20,30,38,41,44
9,28,35,36,48,49
1,2,32,33,38,49
8,9,13,22,35,36
12,21,23,24,38,46
2,10,16,21,24,49
11,14,21,24,25,43
5,24,26,28,33,45
1,20,24,33,37,43
9,17,32,41,42,44
21,28,34,35,48,49
2,7,24,37,38,40
5,15,19,31,42,47
8,11,19,42,46,47
4,8,16,25,33,36
5,8,13,14,17,30
8,23,25,28,34,39
3,4,5,12,23,33
1,3,23,33,40,48
4,11,12,14,25,37
16,17,19,22,40,43
21,23,24,33,38,44
7,8,11,19,25,46
2,11,14,22,41,42
11,12,16,29,38,43
3,20,24,26,37,47
2,5,12,22,44,48
3,15,17,20,27,43
5,15,30,42,46,49
2,3,9,17,29,40
19,21,29,32,34,47
8,23,25,32,33,48
14,20,28,31,44,49
1,6,13,29,37,39
4,12,28,31,39,46
2,8,32,36,47,49
13,17,19,22,28,46
5,6,24,29,35,39
2,7,12,21,25,47
2,4,15,29,32,40
13,21,22,26,35,40
6,26,41,42,47,48
13,22,23,31,35,45
7,19,21,29,31,36
5,19,22,29,31,32
8,16,18,26,28,37
2,10,16,36,40,45
2,12,18,26,35,36
18,22,24,30,43,48
7,12,20,22,26,35
3,10,17,18,19,23
3,4,6,23,33,44
6,12,14,20,21,26
3,5,16,20,27,45
4,9,24,41,47,48
9,12,13,26,35,43
21,26,32,34,36,39
4,8,30,43,46,48
3,8,15,17,29,33
9,12,17,20,21,37
20,26,35,37,46,48
3,5,13,16,44,48
8,9,15,23,40,48
2,18,22,25,37,39
10,12,16,23,41,42
2,8,11,15,24,27
4,15,28,31,37,44
13,18,19,20,35,40
2,4,16,20,25,46
1,2,10,19,22,44
4,18,23,32,34,47
13,20,23,34,38,46
4,6,7,11,12,40
1,15,21,22,38,39
1,12,17,22,29,44
3,11,15,21,23,33
2,15,25,27,38,46
2,15,33,36,42,49
4,16,18,25,36,40
6,15,22,23,41,43
17,29,36,39,46,49
10,14,18,27,31,48
3,16,18,21,28,47
2,5,16,36,41,43
3,12,16,20,28,31
1,8,37,39,44,45
2,7,15,24,37,45
9,13,19,22,33,34
24,25,26,30,34,39
3,8,16,23,34,44
7,26,31,38,46,47
11,16,18,33,34,35
6,12,14,17,30,49
2,7,11,16,47,48
13,24,28,34,45,49
3,6,12,14,25,28
2,18,35,42,45,47
15,22,25,26,42,43
9,11,32,36,38,40
13,16,17,23,27,37
8,12,20,27,32,43
2,7,35,36,42,45
3,16,26,40,41,49
6,15,40,41,42,44
22,25,35,40,45,46
3,11,12,19,21,29
3,9,25,32,35,45
1,7,11,17,27,47
4,7,12,20,40,49
16,23,33,36,48,49
2,25,27,28,31,47
24,33,35,40,43,49
23,34,43,44,47,49
5,9,37,43,46,48
13,23,28,31,34,38
19,28,30,32,37,45
7,11,12,13,35,41
3,24,28,40,43,48
4,27,33,38,41,46
7,15,25,38,44,47
15,21,22,28,38,45
13,20,26,27,31,39
1,10,24,28,39,45
10,28,32,37,43,46
13,20,27,28,47,49
11,19,30,33,38,41
20,25,28,31,37,41
2,3,7,14,41,42
1,20,25,27,37,46
18,30,38,43,46,47
20,29,33,35,38,43
6,16,18,30,37,39
13,24,25,29,43,45
4,10,14,19,36,41
8,10,11,21,24,44
2,12,30,32,37,40
8,16,21,39,44,45
9,18,41,42,48,49
7,8,10,20,30,31
10,17,24,28,31,46
20,21,34,42,44,45
3,24,25,33,40,48
5,13,15,22,45,47
4,6,17,28,35,46
7,11,13,15,20,44
2,7,17,31,39,43
3,8,10,19,31,33
4,10,20,23,27,45
15,28,34,40,41,43
2,18,22,27,44,45
17,21,27,37,48,49
8,13,27,35,45,49
9,12,15,17,42,49
3,4,6,17,30,34
4,11,14,25,30,36
6,30,35,37,41,43
10,13,24,29,31,32
10,20,23,31,33,45
6,25,29,34,39,44
3,5,26,37,39,45
23,29,31,38,40,42
3,9,10,28,34,40
2,17,20,41,42,44
1,3,23,35,41,46
5,7,20,25,36,46
5,7,20,24,37,49
5,10,11,12,32,33
9,20,24,26,43,47
1,3,4,24,28,36
15,17,18,19,34,44
1,2,7,16,27,30
14,23,25,31,33,38
2,5,15,20,38,39
9,17,22,35,38,43
1,3,21,24,31,46
7,22,26,27,42,47
6,7,8,29,35,45
12,21,28,37,40,43
10,16,31,36,38,47
1,11,23,25,27,30
15,16,17,28,33,44
9,15,21,27,35,40
3,15,17,35,44,46
2,8,9,11,21,39
3,4,5,8,33,38
9,13,18,20,24,36
6,8,10,22,30,43
14,16,24,41,42,48
1,13,24,29,43,49
9,10,15,18,21,37
3,6,11,15,20,37
3,4,9,14,23,48
15,17,25,29,30,35
5,14,39,42,46,49
2,10,14,19,28,33
4,10,15,18,26,41
7,9,21,40,44,45
9,19,38,40,45,47
16,17,37,39,41,45
8,22,29,32,33,35
6,14,16,29,38,46
12,15,21,23,40,48
4,7,12,16,22,24
2,9,32,33,35,49
2,4,14,16,18,19
5,8,22,23,27,37
11,13,25,34,41,45
11,25,33,35,44,49
4,24,27,35,38,48
7,13,23,25,40,41
10,21,34,37,45,49
2,8,17,23,40,42
13,16,19,24,27,30
1,16,21,22,33,43
3,16,24,40,41,48
1,12,22,25,35,45
2,4,12,17,18,47
8,23,24,31,35,44
23,27,36,41,43,47
4,9,17,27,36,49
26,28,33,35,37,46
8,12,22,35,38,44
26,37,40,43,44,45
5,8,21,31,40,45
6,7,17,18,20,32
10,11,30,33,41,44
9,13,15,18,21,46
7,15,27,31,35,44
21,29,32,40,43,44
20,22,23,24,39,41
3,8,41,43,46,47
9,20,25,27,31,32
11,18,38,40,43,46
2,12,22,28,41,48
6,9,13,26,27,46
16,28,41,43,47,49
1,8,29,31,35,39
1,4,7,9,12,37
8,23,29,34,35,48
21,26,30,31,32,48
20,24,27,28,38,48
5,11,20,26,29,36
8,12,25,38,45,48
14,22,31,37,43,49
5,7,24,45,46,49
13,30,36,40,42,46
14,16,23,28,46,48
10,21,36,37,42,48
15,16,29,30,42,44
9,10,26,29,38,42
1,2,9,12,21,39
12,15,17,21,25,32
7,13,19,35,42,44
6,13,14,24,32,34
1,6,8,13,21,26
1,3,15,27,31,36
4,10,19,31,38,43
8,12,22,27,35,41
23,31,32,34,35,44
4,5,6,22,29,30
8,17,22,33,40,49
1,13,28,34,37,45
8,9,15,26,37,48
3,14,20,28,40,44
2,4,20,35,39,42
2,3,9,17,20,21
8,13,20,24,37,42
5,8,23,39,41,48
3,8,25,27,36,38
7,16,28,29,48,49
1,2,3,4,29,48
4,7,13,15,27,28
5,20,33,34,38,48
10,11,17,24,26,29
4,20,26,37,45,46
2,10,18,20,30,41
7,20,33,36,39,48
4,15,20,23,27,49
5,9,17,31,38,46
12,16,22,29,35,40
17,19,21,30,39,44
10,12,16,20,27,36
2,35,37,39,43,44
5,22,30,33,45,48
6,8,25,39,46,47
9,21,29,34,38,42
7,19,32,39,40,48
21,31,34,37,38,44
4,13,24,36,39,41
4,5,32,37,38,44
20,23,34,38,43,47
7,19,25,26,31,44
8,13,33,34,38,43
2,9,25,27,31,42
7,21,28,32,38,42
4,8,10,30,33,39
14,18,35,38,41,43
4,11,20,23,41,45
20,27,30,32,34,40
7,13,27,33,35,36
3,5,11,16,21,45
6,27,30,34,35,42
1,3,7,16,17,37
1,10,11,12,19,27
4,6,13,28,29,36
9,11,20,22,37,46
14,27,28,30,45,46
2,15,21,40,41,44
1,3,5,8,13,31
12,29,34,44,47,49
10,14,23,41,42,47
9,12,21,37,38,43
1,2,7,9,18,27
14,29,37,41,48,49
3,18,28,29,37,43
1,7,18,28,30,34
4,16,19,22,36,40
6,8,25,31,32,33
4,23,25,36,47,48
8,21,24,33,41,46
4,11,21,25,44,47
6,10,37,39,42,48
4,17,18,24,29,39
18,29,31,36,43,47
2,10,14,23,26,31
3,4,6,10,18,26
6,23,34,35,38,44
9,28,36,37,40,46
7,16,22,27,35,49
7,8,22,32,40,45
5,15,17,18,37,42
4,5,6,8,39,42
8,11,20,24,41,42
1,16,28,33,39,45
7,12,22,35,39,43
23,28,30,32,42,44
2,7,25,30,34,36
15,25,26,33,38,47
14,15,16,43,44,46
7,18,34,41,48,49
6,7,9,39,47,49
4,5,9,19,22,23
23,30,38,40,43,45
2,7,22,26,32,38
6,25,26,29,37,43
3,4,15,17,38,47
2,12,19,38,41,47
11,20,26,32,39,43
4,17,22,30,36,38
3,14,16,33,47,48
8,10,17,36,39,44
1,15,17,20,23,43
4,8,30,31,35,43
6,13,22,39,40,41
3,5,17,18,35,46
14,16,25,39,45,47
6,21,33,36,39,46
2,5,17,23,33,47
8,11,14,19,42,49
7,18,22,31,38,39
1,3,31,32,39,49
3,27,33,38,42,48
8,28,31,40,42,47
8,29,30,37,41,44
4,21,28,33,38,41
13,24,29,31,33,47
15,17,24,27,42,47
21,25,26,29,36,45
4,7,9,21,25,42
11,17,26,27,37,48
6,9,30,37,43,49
2,4,6,22,25,42
3,5,6,9,33,47
9,11,21,26,28,45
6,12,13,21,31,42
13,14,31,39,42,45
15,16,20,24,26,31
3,4,7,19,30,48
6,7,12,32,34,46
3,37,40,41,47,49
20,22,40,41,42,47
9,16,26,27,32,34
16,27,30,38,47,49
15,20,23,27,39,48